0.586786419573 -0.210291490206 0.993121579682 1 13
-0.0948110824702 1.59346653647 -0.146276232826 1 4
1.1172937069 0.978149629298 0.948388515114 2 95
-0.362052378531 -0.692542396842 -0.524543135018 1 80
-0.949427432563 -0.0312492004895 -0.183851249232 3 15
0.253531594385 0.729157992768 0.862210062996 3 77
0.295482220508 1.29367751711 -0.0534539062426 1 92
1.60933116866 1.02960853295 0.522753023531 2 91
0.72801708931 0.518855125523 0.72912384985 3 64
-0.0743426151034 0.83263143795 -0.946272139817 1 49
-1.14230326474 -0.677312363143 0.358589959912 2 54
-0.473688330852 -1.12036680412 -1.16589092853 3 14
-0.945246666263 -0.644626539147 -0.720819248125 3 55
-0.22615599854 -0.155751437118 1.00350702505 3 6
-1.14545868424 0.469718457006 -0.584403188424 3 81
-1.57648470891 0.88379277684 -0.589873982512 2 78
0.117525697336 0.53448044809 0.297472116546 1 55
-0.398211179115 -0.0642776068077 -0.778264691802 1 52
0.0276571859028 -0.490188385661 0.478616705857 2 96
-0.636097427968 1.29802269166 1.0622551421 2 96
-0.630962201118 -0.0829258832629 -0.687072550107 2 66
-0.000221031550683 -0.680199018386 -0.00867178212166 1 4
-1.06613146506 -1.23491161416 -0.898238862399 1 57
-0.231558600017 1.44429333446 -1.54854320004 1 77
-0.415047172052 1.53877921434 -0.781336623583 2 65
0.808229706948 0.209675798918 -0.0301001560897 2 75
1.63847476365 0.623976616958 -2.0421307442 1 3
0.709917561555 -1.52401624294 -1.3889633232 3 40
0.270161728525 0.351591042779 -0.289750581687 1 55
1.25250868634 -1.33592750925 0.117906664064 1 33
-0.110246079445 -1.06971520343 -2.15906976692 1 86
0.529542558988 0.0730982344906 2.7649389122 3 65
0.274524193221 -1.77753469198 -0.790722480313 3 96
0.571554491605 -1.77493010382 -1.00219791373 1 53
1.23705482852 -0.458306381092 -1.83938808804 3 22
0.338071088626 0.690039854272 1.54610870548 3 33
-1.86800520288 2.30923857979 -0.390434740147 1 51
-0.260490744354 -0.849982383952 0.108845807706 2 21
-0.162296770108 -0.393769970638 -1.06879578329 2 55
-0.259712450977 -0.772212056858 0.633364528838 2 38
0.427862818587 -0.294909876907 0.112164678299 1 93
-0.648679915057 -1.90316371116 1.92571421842 1 8
0.583589332253 -0.527876692683 0.698848408954 3 11
-0.594035177173 -0.684373577678 0.465040345297 2 78
0.619162537892 -0.722280800922 0.157457496636 2 96
-0.880843694988 -0.559789421577 0.901807440935 3 14
-0.870614537017 -0.858714021098 0.401835380293 1 10
-1.258093304 0.54980249369 2.05715673602 1 64
-0.274471707658 -0.359702682094 -1.10044168207 2 67
-0.271039832806 -0.857111463479 -0.529891840251 1 32
0.253574876639 0.692350436429 -1.41118152891 2 24
0.00370881496239 -0.716608003865 -0.0536916049015 1 20
-0.941996448775 -0.308643577423 -0.416047806144 2 22
1.0635905866 0.035240391427 -1.26217432853 1 60
-0.116987354773 -2.52904451518 -1.04182077182 1 88
-0.430446055088 0.0117867679228 0.533115617526 2 90
0.459211937905 1.05475533195 -0.135254712495 1 35
1.14151861013 0.805219963381 -1.12325949935 1 44
-2.05715689768 -0.295240246581 -0.335130918661 3 78
-0.552767595216 -0.761909115015 2.21056015513 3 40
0.858109455147 0.576521718998 1.1863631552 1 33
-0.230886753481 0.278694098508 0.0552917260006 1 80
0.254608866616 1.01785766539 -0.201701731786 3 82
-0.80218169214 -0.975339435278 -0.462903697451 1 50
1.04869257935 1.12895822064 -0.644887211917 1 29
1.34129765475 -0.269599726282 -0.237579212052 3 4
-0.171357978457 -0.588883345772 0.061347422725 3 16
-0.506041489406 0.688296211224 0.0995479959107 2 23
0.308217149631 -0.779269628118 -0.944731475913 1 76
-0.51316119042 -0.248973837076 -0.143161202968 3 100
0.438470689316 -1.06689099151 0.156967156154 3 85
-0.727447846138 -0.117863405125 0.0278874673534 3 41
0.79035484579 -0.525257971605 1.11017962262 3 91
-1.30900661692 -0.171232843973 -0.417543958781 1 75
1.73356826215 -0.0436477053964 -1.05490724614 2 93
1.04918460412 1.12603043675 -0.958131545993 2 26
-0.606412362481 -0.677993707842 -1.19757904479 1 25
-0.011803041121 -0.728793804859 -0.116368742546 2 89
-1.70656741336 -0.239212463044 -0.0721252288199 3 84
-0.70944093439 0.80303693694 -1.56926523582 1 33
1.19374261958 1.6902057576 -0.151724870804 1 55
0.468268664863 0.15962283061 -0.347606978996 1 10
0.212006029044 -1.05187010244 -1.22262773602 3 12
0.144863919584 0.4295014396 0.205243781094 2 94
-1.1466558539 -1.36483100652 -0.625148835843 3 56
-0.393015433693 1.01979828683 0.765583217167 3 51
-0.905040169234 1.04458893075 0.330103512854 2 18
1.18882569925 -0.387590649354 -0.0784961170824 2 93
1.77780428472 -0.427590901957 -1.70203178443 2 92
0.439158199817 0.0820991861836 1.65986477444 2 1
-0.73017954137 -0.0245674645813 -0.206777311934 2 31
0.42829318899 0.115809626608 0.214263912211 3 44
0.118216593243 -0.405331365672 -0.881491744778 3 14
-0.316453127599 -1.06007688713 1.19225950975 1 74
0.872217007738 0.158785468732 0.685848349035 2 17
-1.14692223291 -0.148368853809 0.305068777867 2 51
-1.33577960852 0.387262581749 0.125747920234 2 46
-0.904026323851 1.4997427792 -0.858391479357 2 44
0.567810748836 -0.993380241275 -0.871087303579 3 5
0.195620258431 2.2273127717 0.822227032864 3 21
