-0.709830999782 -1.81712608385 0.262462953431 -0.681060319326 0.613881510409 -0.719456531222 0.387420750717 0.717440842585 0.0543430492835 1 10
-0.302264933182 1.24454808388 0.0472341252077 -0.498905503616 1.23978843036 1.0508654152 0.00656602958477 -0.98104769095 1.20758083048 3 18
-0.714582949473 -0.0958155382746 -2.12772725624 1.386533148 -0.441785065856 -0.872924154613 -1.73281130316 -0.186493627461 -0.354036609457 1 76
2.16945025702 0.667909756799 -2.26742676734 -0.367784559702 -0.24528074923 0.0476952381426 -0.372516455688 0.783886498127 0.622312605509 1 78
2.21071342391 1.24441010043 0.170362765658 1.16307459444 -0.797795254444 -0.0114449615339 0.930951917964 -0.492873289224 1.29482016674 3 1
2.42193665222 -0.598944533934 -0.926715750539 -0.227283634054 -1.08942591186 -0.603078461033 -0.919454321403 -1.31446957237 1.64315984498 1 32
0.402464710055 1.22955566697 0.625230422693 -1.62316961755 1.4196604915 -0.206771057464 -0.148800032585 1.5924768889 -1.70242705718 2 32
-0.281959955093 0.830735848386 0.921346521843 -1.32146519096 0.284497502865 0.683323157815 -2.11097426416 0.184451969951 1.5375578714 3 93
0.436918354505 0.097923123308 1.90071119757 0.55985368694 0.086806961151 -0.148505200903 -1.19418154797 -1.25249786411 2.21628429276 1 22
1.16338696894 -0.350583601523 -0.0444725441094 -2.16847492821 1.02836663337 0.249849966997 -0.734848226113 1.97404591893 -2.67041191555 3 1
