0.62913387985 -0.389214871622 1.81979539155 -0.974419959538 0.451692188324 -1.4879528439 0.138367837821 0.805208860332 -0.667117698227 3 51
0.730043525847 1.80289426826 -0.746691145104 0.222284140103 -1.08487243784 -0.929212426968 0.879954170456 1.09724984351 0.464145108305 2 84
0.0853880511022 0.0060983215693 0.79844361044 -0.71007914218 -0.156526790303 -0.0109643492778 -1.00882513902 -0.00509463620235 -1.00196994096 1 36
-1.17780216322 -0.277077525597 -0.128741629877 -2.58394945319 0.501418070012 -0.50142281881 -0.673557125254 0.833488098873 -0.260502461966 2 79
-1.37665782301 2.13098294015 1.23593350593 0.249660940185 -0.420189390921 0.478843674084 1.23765924925 1.53531899295 -1.34067929625 2 52
-0.846975205055 0.863619848144 -0.764805845061 0.228997746033 -0.779124064724 0.615633912889 -0.432527675262 0.688280952474 -0.554781625579 3 62
-0.493092471244 -1.20039466111 -0.673986440821 -0.354853685004 -0.565037374993 0.221603869601 -2.38799041433 -0.687877856923 0.819958098794 3 31
-0.641514904867 -0.379161528263 -1.83247902521 0.384469079149 0.183962554302 0.907100293591 1.62153775193 1.04754801113 -1.40730541743 1 42
-0.0208735448667 -0.367219432806 0.720985251747 0.0637965307634 -1.2814470232 -0.345570904311 -0.804191710278 -0.901819833627 -0.390164565586 1 23
-1.09476003461 -0.17129258838 0.75536179366 -0.182975037114 1.12698873969 -1.43490233602 0.0276001379892 -1.17165901964 0.62903026182 2 17
0.12669797383 -1.61461871565 -0.737039166561 0.242609868648 -0.128146288309 -1.66246404155 -1.93075491092 -1.6311159388 0.672217101544 2 38
1.38157095098 0.00752177542961 -0.6717552167 -1.37373561831 -0.983629349195 -0.701039308155 0.0669249407313 0.726637533367 0.189215207219 3 8
2.36291364795 -0.0625145182145 0.889460279413 -0.190165841724 -0.0783309524087 1.69388044673 0.22028937569 0.169457075731 1.39775788346 3 48
-0.0752012075728 -0.265755599331 0.717746382656 0.6050780127 0.0869418944229 -1.20234077446 2.14227300673 -0.689151352294 0.230637390891 2 43
-0.221049245419 0.802253295267 0.590237972462 0.842093679372 -0.0951478194931 -0.163482703288 0.643120869511 0.035404410936 -0.127223764029 1 99
1.25844646824 -0.844309106293 0.591041443551 0.655466409732 0.933834378502 0.647738798248 -2.18438159161 -0.0682401003154 0.963716372288 2 87
-0.292386967665 -0.742722751224 0.677981881812 -0.349916884384 -0.516280782113 0.185541747162 0.176976031541 0.313658944459 -0.35902323307 1 80
0.949767147272 -0.722114592521 -0.152485613399 0.490968067541 -0.113049691563 -0.737631703972 0.789626646138 -0.0761632187089 -0.209801150096 3 54
-0.953735618319 0.0451229652502 0.647439922821 -1.08758654605 2.08661407549 2.13470990414 -0.202156778441 -1.10772298737 1.29008056284 3 4
-0.0705819056275 -1.5639100517 0.732348749945 0.767830194536 0.429527043366 0.975988440095 -0.976049468609 -0.0386927101233 -0.643458223053 3 89
-0.564436660568 0.19517176234 1.36164761963 -0.0519445711961 1.07128532841 0.570209869787 2.12856749183 -1.23141603053 0.251127941482 1 35
0.257275053363 1.37506278143 -1.24425059341 0.66067525788 -0.691526910166 1.80204370919 0.145496541139 -0.162096941392 0.156297266086 2 44
-0.121409855355 1.51114049657 -1.29226121144 0.486432452613 1.05323484571 -0.148845693328 -0.886189272213 1.77533666787 -0.129252466864 2 47
-1.55559054264 0.607404796817 0.828722842507 -0.743856588355 -0.882507795328 -0.597254034135 -2.38573803686 0.499837631546 1.07157073996 3 51
-0.271702249238 -0.788699533519 -0.157143312978 -0.651016612138 0.107296983773 0.936434600502 -0.319786467361 -2.04178107016 -0.884189963673 2 36
-0.650929981879 -0.718029826679 0.401561830808 -0.72892082049 0.0112521097178 -1.42374022414 0.477538513275 -1.29374222648 1.99789499828 2 31
1.08961729254 -1.41535597022 0.0192685608012 -0.426471180571 -0.794163024045 0.858128010441 0.7198158453 -0.46128421646 0.744766532131 3 33
0.798669870209 0.627319109926 -0.870629452998 0.41397250457 0.823765932024 -0.0446922635164 1.86670110448 0.730390207416 -0.306222922868 3 16
0.384107754144 -1.59459769169 0.510138697758 -1.779045976 -1.33638961313 0.337305084129 -0.560657403423 2.09673923724 -0.159548955854 2 82
1.14238795732 0.372966257637 -0.190956339207 -0.255212720721 1.23418188209 1.61258154593 0.544746265049 0.678785360173 -1.71144083954 2 96
-0.0977406907646 -0.649594923663 -0.195461337093 1.53130999638 -0.29099635495 1.72071374202 0.39861272987 -0.586079151321 0.756089795705 1 58
-1.54729786114 0.245899983537 1.03462144819 -0.977685666531 -0.134714096339 1.69590443265 -0.768030602284 0.582762808739 0.16885294485 3 94
1.03317224494 -1.03118845317 -2.23363364724 0.0663083738476 -0.569091815049 0.0484166928825 -0.809339327981 0.605772413253 0.584161192388 3 32
-0.0246845880982 0.989635848071 -0.414585431432 -0.408793018645 -1.10018057335 0.558008024837 -1.27274389706 0.630041276192 0.602794931114 2 75
0.700810502923 1.64589367517 -1.35044352192 -1.25828108364 0.0413934603962 1.41792714008 0.126286234592 -0.303438889426 -1.40185096063 1 83
-0.443673903371 -0.137655257509 1.53079167298 1.31862063109 -0.592892425341 1.54509035388 -1.58412356691 -1.78942222146 -0.490833815221 1 86
0.00174676463926 0.841562624263 -0.533806683761 0.598736842782 -2.13212568609 -0.123590685407 0.153860657966 -0.972492092312 -0.0863031861478 1 62
1.55065326785 -0.0169386005537 2.73931955432 -0.0831636769511 -1.49177357819 0.685885895914 -1.6691287515 1.63201042809 -2.1737585916 1 93
0.143144216795 -0.185289326015 -0.527038224162 -1.52193362333 -0.524093195828 -0.0878131601143 0.349382720173 -0.455932674613 0.368169899568 3 48
-0.626398670041 0.639458454249 -0.0968962272082 -0.0158688736554 0.675815000508 -1.66194944398 0.701304387449 0.412428071559 1.33591914538 2 67
-0.932968721872 0.752359505571 0.647130056594 0.252621113428 -0.676907218869 2.76747461517 0.269722776823 2.00160683687 0.674112735139 1 26
1.38136984123 -0.0356042108002 1.20444150872 0.105231179843 -0.72216301823 -0.160916470409 0.198664132554 1.19147238245 -0.979358736897 2 96
0.935810965021 1.16326057017 -1.20168059558 0.975005911506 1.57686612406 -0.660500462412 1.88626313689 -0.418602922997 0.257671452225 2 20
0.232673561408 0.261498241437 -0.635654589487 1.66288105506 -0.304662329225 0.158755296212 -0.665066763447 -1.33873476354 0.95851348083 2 33
-0.148066762828 1.9005787926 0.640318557243 0.45501187237 -0.958974034315 -1.54208985914 0.259280464496 -0.470268152007 0.473177509564 1 2
1.23419559799 0.456373303831 1.0038268734 -0.0432727219388 0.321891139749 1.17105074162 0.18896894596 -1.89057557015 0.251861957599 2 76
0.19350092639 -0.170358478986 -1.28288842726 0.577116397482 0.4398002421 0.485792029224 -0.735927251318 -1.04597138483 2.66731910328 1 33
-0.181485615325 -1.1268696888 -0.238312111238 1.68299528445 -0.364522838673 -1.05987050504 -0.373830515358 -0.594186931102 -1.32155918411 2 63
-0.295696648558 1.25211343237 -0.127954476505 -0.0605554737642 -0.427627637659 0.859284475176 1.7331193484 -1.32753409691 0.690231261182 1 91
-0.289731518257 -1.4566593143 1.11325846705 -0.250001248607 2.25479275474 2.10657883982 -0.0636399256593 -0.474286694805 -0.205643073852 1 59
2.24769703817 -1.30136853495 -0.0260398406783 0.590967593905 -0.244830980895 0.63836754487 -1.02621133731 -0.180907669329 -0.70022673683 3 9
-1.1497960753 -1.2036691648 -0.344815351166 0.288887358256 0.123889734114 0.00209200562444 0.344180508512 -0.881046319958 -2.11420226389 2 96
-2.15998128086 0.397185214637 0.77785402568 -0.806471616807 1.58596028201 -1.91955885607 -1.29369331673 0.552395145549 -0.123020200994 3 3
-0.350880295156 0.22731829149 0.651675405463 0.557810018273 -0.961791750718 -0.296376216209 0.72125472764 0.0480875558587 0.690330971848 3 22
-0.106233735905 -0.933311882283 -1.11329399963 -0.816146690955 0.165065689576 3.14807543928 -0.255202252593 -1.10042610172 0.0111614177388 1 48
-0.215430426607 -0.829925946151 0.240721017448 -0.487356286677 0.89438430708 -0.247447883208 -0.436638325957 -1.09985205235 1.43354270175 2 11
0.697999260174 0.791488523496 -1.6582413466 0.174804627684 0.106444629585 -0.830210382351 -0.0444942606927 1.40365119174 0.308182934921 1 16
0.326862500295 1.64712991561 1.05730191373 -0.161226397647 0.579436292394 -0.878884101212 -0.0413165511519 0.956560810018 0.335660787123 3 34
0.570604551527 -1.11358536496 -0.830106241675 1.44790485131 -0.386947106856 2.23501895989 -0.747804391261 -0.532467052917 -0.83040733423 1 11
1.59977328563 -0.994612905419 -2.24955799452 -2.04604944917 -1.13904010847 -1.64515743622 0.95443097803 0.890842873497 2.05273076029 2 18
1.13864838984 -0.818374006193 -1.42759168698 -1.34822751176 -0.0722229504324 -1.70132880551 1.02842327529 -0.160087975099 0.235879612326 3 11
-0.228015654486 0.41993899653 -2.11922180435 -0.657153258039 0.762416379565 0.135791542547 -0.748928209038 -0.573796444911 1.90109151654 3 54
0.297540445564 -0.746845736488 1.10190022983 -0.641740859101 0.225906595869 -1.46258355282 0.00793875419643 -1.69088699371 0.29173278279 3 72
-0.558901470957 -1.07981101095 0.776971734918 0.691656084618 -0.103429308824 1.17419492808 -0.261586372408 -1.18590261146 0.912662466094 3 9
1.38304661986 -0.244459889699 0.00291970358511 -1.05969789735 0.122671665268 1.01820776425 -1.07622398953 1.13872570942 -0.393522051362 1 18
0.365383221982 -0.403362895915 0.140586880764 0.178671691458 -0.290154883266 -0.407835990404 2.40128216185 -0.159451022093 -1.2105352204 3 66
-0.435796832171 1.32565267945 -1.39535772054 1.14277538774 1.21622941997 -1.01307083217 -0.9406559221 0.602351235019 -0.832082903081 2 86
0.99421445611 0.422857913276 -0.722003638702 0.802008125883 1.35600509943 0.29159745747 -1.20614926906 -0.666374785628 0.0439251387882 2 83
1.05483578538 0.297900045574 0.466991304335 1.45030138461 0.734117292767 2.12534201829 -0.195035098976 0.467084471612 0.430324839239 2 96
0.218778151062 0.489017829445 -0.146515390076 1.26039044658 -1.43227513637 0.332648679439 -0.40985780582 1.35318861374 0.539149413889 2 2
1.75994110112 -2.14113425383 -0.760393418806 -0.337951931389 0.196110518115 0.934506180358 2.17978616741 -0.846080480439 -0.427036539153 1 94
0.204430231876 0.675461694204 0.694767063855 1.669139525 0.47726295458 1.22251138459 1.02403099491 0.428557656404 -0.843062514524 3 91
2.40826771544 -0.37094282672 -1.52292502077 -0.147648323703 -0.716150972981 -1.51602436498 1.71759776582 -0.818372862798 -0.131246955211 3 50
-0.02920629543 -1.59986486664 -0.920367520951 -0.152162558588 -1.45825278169 0.168065957138 0.0641840620403 -1.36185642544 0.352233465185 1 99
-1.70799873464 -1.81676999396 -2.61477606891 0.593396104598 0.233014346153 0.550629636697 -1.535831349 0.599227110868 1.10211776108 2 99
-1.4518237217 1.22463630634 0.717628360807 -0.768115021968 0.367923760049 0.462580646883 -1.43170638139 -0.0790370660174 0.197998696154 2 69
-2.08924351683 -0.518636001321 -0.383361608119 -1.50206065305 -0.23340680212 -0.0432286313297 0.0371505609553 -0.734675852241 -0.412889713108 1 81
0.32972513942 0.0765548669031 1.48935314356 0.946516705863 -0.257185042682 1.95789122524 0.717840860947 1.0956986232 -1.24474100873 3 49
0.616128647963 -0.0265873000487 -0.175274872034 0.952422885082 0.188497193293 -1.761098801 -0.508831658462 1.3924764931 -1.15438931074 2 87
-0.885039259616 -1.38764637226 -0.696150328927 0.930069786236 -0.369379210846 -0.998576985263 0.698554337494 0.160233427682 0.864053052905 3 5
-1.20060588442 -0.155805697127 1.89289712013 -0.0329577620828 -0.862694577056 2.15794415915 1.92693973206 1.57981547766 -1.22259256543 2 36
-0.777355816061 0.0155534550603 0.145485232523 -1.85741545773 -0.434074781102 0.474496854495 -0.346469466559 0.952499587582 -0.220675359296 1 49
-0.586121942772 2.40655049619 -0.0188596374358 0.883515675301 1.27803731702 -0.0857499193497 1.45072107342 -0.0579060331673 0.218665800033 3 42
-0.275898838088 -0.410071666444 0.613919062919 0.826174712225 1.60551449318 0.0767323089795 0.20727001375 0.539131042439 0.98124748056 2 96
1.70818915801 -0.975652227363 1.81272665665 0.0492179198654 1.09123764285 -0.255534952873 1.32361400426 -0.211981136005 -1.51399617343 3 39
1.34709819277 -0.524196369373 0.27000143782 -0.0496474541222 -0.551584653193 0.663888186964 0.272014501118 -0.0533765782245 -0.662131537399 2 58
-0.14110609692 -0.538070213536 0.98684867814 -0.846669014147 -0.134682475793 -0.575226952846 0.738750392888 -0.052583426023 -0.547536823553 1 76
-1.11072283134 -0.0232562293277 -0.336319035204 1.62794506348 2.19539651106 -1.12669099046 0.374274688655 0.45893601973 0.118349865026 3 17
0.980605238714 -0.167183964961 -3.4302539114 1.3229149746 -1.15447342064 -0.44184726996 -1.31729850529 1.28788885582 -1.7637114154 3 9
-1.35804020762 -0.843332532398 0.834022375798 0.1156770666 0.172288087066 1.60047451089 -1.11025623387 1.20925587897 1.60519505595 3 85
-0.615332934018 0.090409330298 -0.334799100122 -0.74770988072 0.8330672917 -0.15584523457 -0.585236659978 0.26239545343 0.959853309907 1 80
0.507511773943 -0.393932402159 -0.530166218149 0.865004111012 1.50307272083 -0.381764068096 -0.489654602819 0.167548943026 0.689873505017 2 19
0.173833606178 -0.341253804788 0.247701379177 -0.574146706867 -0.877962789705 1.02149745421 0.453998320121 -1.75618807072 -0.444639721961 2 48
-0.487533899973 -0.796969913251 -0.298916975016 -0.38465758363 -0.055061956501 0.984331273332 0.659280260645 0.915753181079 0.187102575131 1 66
0.367302099032 1.0750146071 -0.366702161684 0.439910093146 -0.236977129661 -1.04287116042 0.980851108368 0.254729266911 -1.50770247317 3 54
-0.474165739853 -0.260690800416 0.893623360645 -2.40527136224 -2.2352883049 -0.369036673762 -1.69505140959 1.13146273211 0.0353149642169 1 39
2.50131336556 0.175422554752 -0.237614287172 0.320523555081 -0.0775363377433 1.5665228964 0.554947524692 1.81577653569 0.460482712624 3 11
-0.60678543727 0.246050559725 1.09872777806 -0.274925943996 1.23939120278 0.127649899794 -0.63624483673 1.43760031955 0.847101733625 3 55
0.264414767973 1.68819554427 1.01834133203 -0.943542226524 1.67965421029 1.11688652382 0.57683975843 0.584352358757 1.58289869084 3 37
0.454922790288 -0.0758279808479 -1.24550490971 -0.534847510106 0.836269655346 0.337611459993 -0.743048795441 1.13423342501 -0.779071682702 3 21
0.19455800015 -0.0711496217023 -1.77164207821 -0.641797040152 -1.19862977648 0.978221510787 0.793821250411 -0.37387919075 -0.0590403991954 2 30
1.53008910102 -1.16238522555 0.711290436264 1.59254720839 1.26735557317 1.70822873636 -0.0403915940078 0.477815698473 -0.171945232935 3 5
-2.84899184528 0.781840645834 -0.0131765183504 1.37186528528 0.160743081323 0.514550040474 -0.330261668173 -1.16028568229 1.33610742933 2 85
-0.326694100205 -0.888472391496 -0.818629692102 1.23855961667 -0.314174638296 -0.383954794059 -0.532830691164 2.30774486646 -1.56475898583 3 69
-0.374099890577 0.585460927071 0.0610068579105 0.41441838952 -0.0109837043366 0.559515204056 0.371377458367 -0.331915089186 -0.198102785616 3 70
0.610299496825 -2.00454344569 -1.30826122829 -0.525106149087 1.16026790058 0.513738193267 -0.958593457746 0.353500435006 -0.79542650894 2 17
1.09205698932 0.881376146297 -0.886415334473 0.278025373996 1.00340639127 -0.408888092387 1.12671203379 0.473446742788 -0.368284151984 2 80
0.776161416661 -0.13039597196 -1.71973883149 0.605311152627 -0.42853518278 0.020715287558 -2.01113862233 -0.0497346344651 0.687239204363 2 85
-0.122238284259 -0.683548158828 0.601769530074 0.775776541587 1.66221255972 0.677289056172 0.851752153745 1.81837019042 0.717895125793 2 65
1.15277171781 0.846472185921 -1.72998779207 -0.579834242818 -0.926035128729 -0.315452138228 -0.350041633418 0.91661399346 0.177745153636 1 5
0.892976074856 0.589826634085 1.04243919453 -0.893184248524 -1.13817932342 0.723076357942 -1.83879636044 0.264508465579 0.899852171973 3 54
-0.146760589769 -0.0119275252671 0.841128857369 2.68673311169 -2.20673248103 -0.286321008272 2.04289029719 0.770365390981 0.738237044475 2 38
-0.540338106603 -0.711098540693 -1.11472532146 0.79029253259 0.494007572982 1.30060003346 -0.957873253704 -0.143794625165 -1.80996627155 2 36
0.15863098903 -0.199752596439 -1.07453952047 0.22707187122 0.30371769073 -0.00860458996583 0.359182701797 0.571065778815 -1.01219299141 3 49
-0.204349768367 1.5999743658 -0.514448564093 -0.739677649182 -0.599877801464 1.65760054943 -0.615893895443 -0.349628953496 -0.251970889482 2 100
0.429101822242 -0.659268349334 1.02861294762 -2.08278937271 -0.0016158971653 2.18544037982 -0.500189389634 1.3355254705 -0.0868136385436 2 33
-1.10260492471 -2.17774937276 0.754460650135 1.19069577147 0.813851456203 -0.76703530507 -0.19138825064 -1.26179919274 -0.330818350951 2 95
3.05142769971 -0.20607506363 -0.463819713281 1.28028958919 0.770727412816 -0.141598192826 1.77858140425 -1.90373482514 -1.03929188465 2 37
-1.17767628808 0.493997070167 -0.120814131902 0.0304437405364 -1.28718864617 -0.631318877031 -0.272843758477 0.518542650465 -0.746889993948 1 64
-0.461205838266 0.539309644975 -0.0500542759494 -1.17545273882 -0.889789796956 -0.737220226526 -1.10771341633 0.671755380004 0.518186799876 2 14
0.501413621861 0.83977269 1.22164948383 0.907286857197 1.73224355637 -1.6343044535 -0.401340999106 -0.839679762235 -1.99542306525 3 42
-0.469715108373 0.718925960218 -0.571863482599 0.498010706599 -0.114216781465 -0.672194059899 0.207673273423 -0.371122256323 2.20671232947 1 26
1.09983903631 0.0882196866808 0.646455985232 -0.995717433485 -0.335265193464 -0.348857137479 -0.248547202343 0.0380396497056 -1.52327428022 3 62
-0.973016814813 0.124755037927 1.55675555193 -0.900581968158 -1.41168088545 0.609602031117 1.08043480364 -1.28888882896 -0.768907877487 1 7
-0.46897388409 1.07807262071 -1.8471370613 -0.521407377665 0.058258943884 0.535687025964 0.571071407468 1.36283148873 -0.780470084936 1 16
-1.94942843002 1.2347092332 0.937296278492 0.437338348725 -0.609618596259 0.0905314531112 -0.107582018909 -1.31964023417 -1.41157938148 1 22
0.99264937453 0.544140847591 -0.156967441691 0.455695216214 0.344877750921 -2.20970916449 2.78824097382 -1.40516543549 0.616663348465 2 45
-0.382783989955 -1.12822911492 -0.0283550299428 0.886626893025 0.107778773547 1.22747237886 -1.67369394811 -0.0907080523106 -0.616923286162 1 38
-1.11589583762 0.151455970882 0.447581945979 0.45975587052 0.446736942652 -1.00834289884 0.984384904069 0.123412081414 0.631271167954 3 92
-2.18598125593 0.0875935231456 -0.195489422718 -0.112295004047 0.0939785819987 -1.6102386342 -0.624913199926 1.44191291649 0.374959409654 3 7
-1.35166711864 -0.687080363582 0.0834874565095 1.71343799073 -0.387568328309 -1.07029609048 2.13965465809 1.43323627412 -0.344106428274 2 94
0.655637611574 -1.96388391556 0.209476236123 -1.151263676 1.19357242638 1.65999426442 1.10220904502 0.213955666476 -0.0158732044537 3 83
-0.206157983919 -1.26704993716 0.424532841112 -0.00485331721046 0.527481938625 -1.96244313089 -0.600750772586 -0.232589002559 0.284956864466 2 33
-1.72856091873 -0.647328758999 -0.349046915906 -0.271737464013 0.0855443360711 1.91225088985 -0.68625738055 0.0356555267631 0.780024149991 1 28
-0.583852661267 1.85878930787 -1.09492232115 0.392053074128 -0.531258460739 -0.273288978339 0.671850539298 0.0613690034869 -0.12280154567 2 59
-1.24235966281 -0.439856022772 -0.448620736338 -1.09091978661 1.71830777233 -1.43557100421 -0.142502209789 0.595610484688 1.66932838459 1 54
-1.10127626287 -0.389422310041 -0.0152090510368 0.503954684967 0.063011083805 -1.30348463023 -0.620394799819 -0.0668606053885 -0.21204292541 2 18
2.57303156777 1.78403098147 0.326394282414 1.23494214638 0.443383437814 3.0115688686 0.0149395575615 1.29346166543 -0.664595247774 2 22
0.982445292438 -1.22370232404 -0.991470338609 0.159927413693 -1.42014866076 -0.366816740245 1.55589057384 0.121288155889 -0.0790809254652 1 10
0.785016748481 0.984462483235 -0.757017336358 0.0917877627861 -2.26137045493 -0.0137697814458 0.453104720035 -0.0653196178284 -0.0814279539028 1 48
0.318954047104 -0.887379918822 0.532245037341 0.769133537672 0.133677278674 0.420192428675 0.76080675096 0.300740947707 -0.297830373456 1 77
0.26744800984 1.25903486587 1.20363623503 0.338163391269 -0.555368460141 -1.0279477168 -1.59075103746 -1.19736526677 -1.18603420725 2 13
-1.00695017523 -1.149874036 0.338431374617 -1.8378264501 -0.578369670004 1.47085876936 0.157262698919 0.211938771807 0.531923617369 3 10
-0.799777945943 0.0106689305255 0.782447565391 0.479588283612 -1.37209988299 -1.41518767764 1.89086314907 -0.347341891297 0.371476860159 3 40
0.504344489072 -0.2860310399 1.27170709221 -0.175750000576 0.545678060848 0.842387608595 0.291498162118 0.125342606647 0.0524764995838 1 71
0.00574100418182 0.779652506067 0.669804345235 0.16703926472 1.64083075432 -0.29106788261 -1.46833558726 -0.873765791391 0.462839557027 1 39
1.60165892511 0.513277559426 1.14420663011 -1.49719040949 2.38167301235 -1.09741493741 1.1032594868 0.00917450871887 -0.205530408143 1 62
-0.584749472282 -0.149954471717 -0.429498373663 1.17507546716 1.98497430952 -1.84545581523 -2.12903792441 -0.900980605667 0.583288311752 1 82
0.915006356513 -1.01376667738 -1.1738355725 -0.566742737873 0.435319974353 0.938668451718 -1.32723685338 0.150237171549 0.659211841974 3 67
-1.58725494674 -0.265124333082 -0.665202067138 -0.525238777184 -1.11830479263 -0.252696166528 1.65782086912 0.284690081727 -0.817397754383 1 50
-1.24602300167 1.06209101659 -0.0628555659631 1.32826804572 -0.643580819287 0.207681425168 -0.49133409812 -0.854177834373 0.306063073161 2 81
-0.940916084437 -1.66637757835 1.56760225126 -0.67908099882 -0.000276458933951 -0.471272466234 1.52357254174 -0.107215561452 -1.62177532886 3 68
-0.61187617667 1.02018874124 -0.986925692215 0.859354036288 -1.28025051015 -0.685444507515 -1.58868488607 -2.3287406106 -0.273218053148 1 58
-0.115858274168 -2.04673055 -0.873407848843 0.4518719007 0.0446476893298 -0.668013037214 0.564058221713 -0.135302521667 0.300821114694 2 56
-0.626109922581 -1.81802958052 0.495499244536 -0.889735858275 -1.53784383509 0.459221195964 -0.144102390974 0.199755859822 1.89819980843 2 100
-1.02087257876 -0.423391447426 -0.0419922284518 0.252962172661 -0.0108625449771 -1.16199390268 1.32320583363 0.95572864665 0.443174234082 3 83
0.254168165924 -1.11243367189 0.660204337925 0.296936276822 0.373111770681 0.254476841 0.320710857232 -0.971364660708 0.91184535442 2 79
-0.392077073568 1.04627728372 0.074888046179 2.09120114535 -1.37546611448 0.253526320862 1.66593167308 -0.320619332659 0.555766669387 1 93
0.831787203684 0.0824996983658 0.718480981729 -0.801350113518 1.99723382755 -1.13068036979 2.78593021573 -0.541839651591 1.6043920838 1 82
0.558000130435 -1.35771742594 0.462531996002 2.11447493306 -1.06748216557 0.457613594243 -1.11248178838 0.62030305422 1.37404655823 2 40
-1.03606745378 1.99368033933 -0.224518398044 0.818609161648 1.13236676412 0.504193393581 -0.552886594421 -0.115289728091 -0.509621289264 2 66
0.0842056747093 -0.132837158513 -0.306775877206 1.00669646068 -0.0520302299833 -1.62450032738 0.0714055804639 -0.330681265761 -0.604095464562 2 41
-0.06694447204 -0.150610509162 -0.954036881591 1.06353409474 -0.0510704561539 0.862569940263 0.563396807244 0.0711779861541 1.60709269139 2 45
1.03581671935 0.681252435915 0.353934353455 0.14079948817 -0.783740142514 -0.0013390445672 -0.187716296175 0.50010094215 2.1614614145 1 36
0.810151881488 2.20879778329 -0.210065845231 0.500935294201 0.661020091976 0.953875961971 0.33227003746 0.0111859995253 -1.96166019985 1 11
1.80844031168 1.1202740133 -0.246301129471 0.849030189155 -0.92131720857 -1.43845144871 0.0334778880838 1.70607592825 -1.1403618359 2 3
0.156484444206 0.202189808186 -0.212150899199 -1.18926847535 0.610415359879 1.60878052573 0.527842145142 -0.0981166664573 -0.677069245182 3 1
-0.0644576369999 0.561257078762 0.257875156435 -1.35940663116 -1.65238375069 0.789601624894 0.900510737543 1.13911893009 0.228357331046 1 50
-0.261378176019 -1.0571547323 -0.581654297378 -1.24860545436 0.804224307338 0.506523998644 -0.613299125235 -0.0217921476529 -0.896574445836 3 10
-1.333700233 -0.0737568548829 -1.14050007786 0.568241677664 -0.172375877041 0.0350850316413 -0.509412140603 1.22125530999 0.966027702812 1 1
0.293070156387 0.282890281157 1.91565511848 1.4546743443 -1.39440433297 -1.08183908401 -1.12363294253 0.15277083999 -0.623919628305 1 5
0.889152520064 -0.190913304561 0.1753945338 -0.394176277855 -1.811973631 0.938143893217 0.653340986594 0.498149023868 -1.04072131377 2 25
-1.46627751875 -0.802892108313 0.100078046334 -0.218853916571 -0.218367443875 0.388680679744 0.475246470503 0.401103374908 -0.162266839528 1 6
0.270066804972 -1.91324818989 0.283910040701 -0.0965075420783 -1.08445915478 -0.397117028422 -0.770859093533 0.837025245741 -0.634358052641 3 12
-0.762816724702 0.167155761449 -0.546163134463 0.111207887116 1.4810492689 -1.0130265569 1.04471316088 0.389657713475 -1.07755190419 1 33
0.780941731393 0.0394896021069 -1.82876814052 -0.604231850974 -2.71585528824 1.02746520146 0.0574765724026 0.37806760614 1.69262235983 1 48
1.56162366814 -0.544890649952 1.24925590489 0.961256340931 0.152056948937 -0.405247310889 -0.50356198473 1.63679518004 0.802519798322 2 2
0.434444154308 0.899745976839 0.316382899083 0.779104463688 -1.35974929933 -0.129534004297 -0.414719262123 0.687735655664 -0.02689134005 1 25
-0.146910016015 -0.498523058576 -0.166325493306 -0.273668359671 -0.564374467543 -1.2335327552 1.60164918716 1.36812397489 0.166885893884 2 17
-0.170873272173 -0.536752218776 -0.248417854688 0.954788778861 0.133158099055 1.40832247272 1.12557279973 -1.81046214004 -0.091092347454 2 40
-0.318635696903 -0.304357860714 -0.892761772845 -0.254084578435 -1.27152410287 0.179366986067 -0.100160067703 -0.463493648838 1.19352964347 1 40
-0.435686693769 0.410616467343 1.16299388961 -0.154891286931 0.370394038964 0.871869277049 0.892812398508 0.479586408573 -2.00081000731 2 55
0.322713531819 -0.786988564569 0.135663056193 -0.0284418103264 0.452610957485 1.00245644261 -0.917984269744 1.19078558617 -0.285431664345 3 16
0.690967669255 -0.305992185193 -1.93702888307 -1.57169547642 0.00204595409739 0.18394303068 -1.15651856424 -0.216636759306 -0.800459738519 1 67
0.255655543239 -0.118075478638 -0.752185784299 0.255823325778 -0.701198758985 0.936183272742 0.0664699585239 -0.607947705363 1.68604443353 3 87
2.04724272147 -1.31285700956 -0.950500783877 -0.150618477831 -0.11434700374 0.380227662758 0.832352913987 -0.181760547536 0.521235493681 3 28
0.401935205227 -1.1483210873 -0.354088614676 0.648308007938 0.550186851478 1.44458404625 -0.62018826339 0.675705029233 0.236898682831 2 61
1.05390187089 0.338428522414 2.27994455348 -0.77803099563 1.23656726925 1.28789251783 -0.690248857389 -0.173980516314 0.455087560551 3 20
0.422247024342 1.54034231292 -0.0173030818041 -1.78536793042 0.23936474612 0.417378488243 0.583677462482 -0.144829566538 -1.44161125762 3 10
0.377936977068 0.86915610476 -1.67795302496 -1.37142926805 0.341000308123 -0.0509568348996 0.50157170143 -0.310263604841 1.7194671308 1 65
-0.272862524164 -1.19753473672 -1.29750715776 0.225049828994 -0.706104812956 0.227090351074 -0.415755119016 -0.963617662043 1.12014526436 2 96
0.239553888279 0.154743802431 0.462808030332 0.206949198644 0.0754640247675 0.62718152602 0.450998231107 -0.991224018422 0.2991484744 2 38
1.90619292152 -0.325358331459 1.65391764691 -0.639281662087 0.17507696824 0.433378576343 -1.52389484536 0.280152215099 -0.359519813784 2 28
-0.023421813312 -1.86350370896 0.673119876358 -1.52976900368 -0.818798007826 -0.286460006104 -1.08911194668 0.47080986113 -1.25640256264 3 68
-1.42272309575 -0.122265613087 -2.34206656322 -0.231899192751 -0.120232520607 -0.501420869985 -0.85344170171 0.692985780332 0.96192471658 2 33
0.806548035083 1.15746143417 0.456177873122 0.249190603052 1.58672612295 -0.100035035626 -1.77651556079 1.88662811659 -1.45364875147 2 33
-0.42616895772 -0.500725157532 1.07903562542 1.35105349197 0.324877316067 0.294468121627 1.39662184151 -1.05487314578 -1.16954757452 1 85
-0.542438641494 -1.28384150743 -0.040237301999 2.62015384448 1.11768353448 -1.10124368826 -0.719940868208 -1.58215107219 -0.976992076541 3 82
0.633894876322 0.805978903217 0.680683352333 1.94086325975 -2.29904030004 1.1836395129 -1.13376127483 -1.04481355319 -0.432175637576 2 86
0.598961960575 0.578673167159 -0.528238516712 0.135924384223 -0.871316050187 -0.815351422902 0.81222190865 -0.328922448369 -1.13551671948 2 8
-0.705573022546 -0.223433695158 1.52307052331 0.432517490217 -1.07759583113 -0.933656702296 -1.50801248192 0.563433249254 1.29921558413 2 34
1.04930737959 0.776371621952 1.92829517484 -0.104344852896 -0.0284019513477 0.191892609709 -0.745941544166 1.10275287527 1.03266930165 3 56
-2.23865764957 0.103859200929 1.23950514243 -1.03896444779 -1.23045561725 -0.264950316072 -1.26977286745 -0.86932503423 0.203088424279 2 11
-1.63214804752 0.868778645319 -0.490143991784 -0.723220517497 -0.408252033026 -1.39960365608 0.572676932415 1.20575785232 1.92683900086 1 84
1.28521991695 -0.137057119729 -0.355367481523 0.693646147695 2.2385600256 0.742254198678 0.232509081187 0.204405490773 0.934934223213 1 86
-1.47252030114 0.244563121533 0.173889679772 0.242228439734 0.260614222374 -0.0412937897977 0.299278911336 -0.0642867907027 0.964872563511 3 58
0.468064196406 0.326867874721 -0.289530229668 1.64170933142 -0.599297410032 0.488558912177 0.780386964284 0.856526979708 0.94742849721 2 94
-1.93667444062 -1.09795890561 -2.98323810667 0.21413456222 -1.03549216351 1.24965868254 0.593566104856 -1.4221862277 0.171078017984 3 85
1.37798762945 0.570785176805 -1.31694175772 -0.65907266525 0.288185271843 -0.750026468127 -1.6091004803 -0.0300866048142 -0.284169832959 2 8
0.143312723953 -0.26025341618 -0.341514280954 -0.652619721148 1.03826387245 -1.27621599445 0.402033727058 -1.16815724012 0.134125482597 1 78
-0.483099829645 -0.51057277232 0.709705022806 -0.351282933312 0.61972883364 -0.128647365464 0.770330629339 0.580688746264 1.2764927367 3 27
-1.37287304329 0.807226749834 -1.52472590748 -1.36810909708 1.58326047966 0.642038692928 -1.53325281442 -0.838168319604 -0.193312907967 1 32
0.188191739097 -1.1584835758 0.577788526423 1.09551833929 0.625002931112 0.76052131001 -0.711646880348 1.28302693125 1.2211481507 1 68
0.722549613308 -1.10954070791 -0.373587874278 -1.22230392905 -0.559315147483 -0.880475092509 -0.444126717935 -1.16845625667 -0.129028599278 2 98
1.21353405403 0.145727610819 -0.153755416828 0.00430963756512 0.753946154175 -0.542787047819 -6.85538977826e-07 0.116908233658 0.314153554173 2 31
-1.0284378258 0.510879057385 0.478560800959 1.42036833616 -1.17810318441 -2.23745020342 -0.375635465421 -0.634101394802 0.0686674778565 3 5
-1.26486988922 -1.10152970694 -0.199093374092 1.22535664202 0.100509885881 -0.118804814876 -0.0349470811727 -0.449319832178 -0.327273630738 1 42
-1.39214396635 1.24372168646 1.87446986896 0.275095549544 -0.964235709792 0.696480665073 -0.0469993969873 -1.56644763804 -0.0845465553678 2 6
1.12573564746 1.46081498111 -0.767032057319 0.849847918123 2.24708269902 -0.40482689606 1.24681020299 -0.501268694426 0.625217830976 3 57
-0.444546232745 0.964228552565 -0.842643234385 -0.285882538643 0.578599753899 0.567852419264 -0.498525767004 0.404825462189 -0.903647198784 3 79
-0.804044353172 -2.64811983344 1.30372376226 -0.198945414629 2.20748776702 0.227308402177 0.436453116671 0.542468558637 -0.265803848929 3 41
0.460441353981 -0.244526294239 1.28320574163 -0.661062663094 0.689087267594 0.307538144217 0.326299865968 1.40974879753 -0.070410443994 3 45
-0.0835810623905 -0.759404439655 1.22767863518 1.35591701963 0.663273791261 0.7635747872 -1.17863765589 -0.426604365876 0.228117960819 2 26
0.301895945338 0.61069172316 0.872336471989 -2.36803241121 -1.58507253063 -1.63611261072 -1.14119612793 0.113151517357 0.751077786289 2 36
1.12621811113 -0.178960850259 1.08333337786 1.34239944198 1.42612233205 -1.89073957929 0.393738625343 0.0759290916819 0.162495781003 1 25
-1.94726009282 -1.08598518968 0.862799987955 -1.05199058042 0.358838884195 -0.0161507771591 -1.0528557469 -2.32043552245 1.06221256939 2 43
-1.42125578221 0.612566593987 -1.41604924109 0.0283622065554 0.219525953518 -0.500046767817 -0.22676564519 -0.363031504777 -2.68188768276 1 61
0.675629540682 -1.68543770198 0.166671669678 -1.73713802437 0.444146720383 -1.33957153218 1.75384894563 -0.0758594798767 0.196494877378 2 60
-0.108680373388 -0.957873374719 -1.07558334318 0.48186446452 0.120288632357 -1.60253731923 -1.03460836128 0.860113264993 -0.400395495565 1 15
0.470195632686 -0.46629091242 0.99760149498 -0.156068926248 0.152903319989 -1.75964356495 -1.29157628153 0.804868070672 1.32739461464 3 78
0.0673035830642 -0.963062175126 -1.30438684249 -1.26347261538 -1.16565753895 0.141836110728 -0.730234908998 -1.93958644472 -0.445577330222 3 93
1.97440107294 -2.43141875437 0.174617475686 -1.37811566469 -0.528498485777 -0.716457680512 -0.489786603189 1.07827334884 -0.577101754668 3 10
1.50796163075 -0.475571884892 -0.190266186799 -1.51491114648 -0.0276505040573 1.90587294438 -1.22823030403 0.311642462542 -0.27684560568 3 86
0.259626366686 1.18244831612 0.815580290902 -1.92952768276 1.3734726379 -0.680168176887 0.286248553067 -0.45422998774 -0.114095720238 1 20
-0.444622146212 0.287474876016 -0.426436200446 2.25525445641 -0.846005689484 0.730014674263 -1.17597530364 0.340789158553 1.02530857347 2 43
-1.91283628758 1.01477074579 0.97772646298 -0.00425973964186 0.647367507982 -1.39516769929 0.366719056498 0.55290946643 0.994642614878 3 59
0.530033104587 0.542995615572 -1.06465339955 -0.372461981723 -2.51171303269 1.25871776261 -0.425151328017 -0.279670244617 0.0300620035783 3 37
-0.0258612451708 -1.01612648359 0.00602016705757 1.184084486 0.822163104615 -1.03328423659 0.0508935186504 1.21024078009 -0.798314893203 3 72
0.0907497947434 -0.267073463553 -1.10765686542 0.951253739353 -0.459037770769 0.862928454251 1.63081458767 0.306969224553 0.882702825691 1 98
-1.58775254249 -0.29198526587 -0.830958298435 0.00625853951867 -0.0794963393669 2.34367244662 2.05114737715 -0.00451166410815 -0.329101274201 3 92
-0.166060321578 -1.32575365489 1.57770277598 -0.577391712021 -1.42512345673 0.457563172553 -0.108152703798 -0.248443667104 -1.29359005152 3 20
-0.378090318352 -1.73502288423 -0.720886382443 1.32502797332 0.746161043482 0.344548441779 2.21816863218 -0.77164751583 -0.221784984736 1 84
0.348951848413 -2.07690063734 -1.38239200912 -0.034337866964 0.0902536662952 -0.509046957646 1.58430412042 -0.107405907178 -0.0308920643536 3 73
1.93758252527 -0.14980488183 -0.866348388569 0.0940054321531 1.00129971724 -1.12023048993 0.360437489958 -1.92729177686 1.99136200891 2 75
-0.810763204447 -1.4840669764 2.66773687736 0.4443877536 -0.484636967473 1.54719615197 1.62967332683 -0.0282634344232 1.08396949162 3 66
0.330841401065 -0.252305217886 -1.40198115287 -1.43186240857 0.450525509647 0.44294697198 0.230441656113 1.5682777574 -0.378380203321 1 92
1.0753119021 -0.0370073914894 1.18433859027 -1.98390737463 -0.206393703081 -0.698340575381 0.133833247436 -1.09317828549 0.186064056906 2 16
-2.42441855342 0.939295673149 -0.635693508896 1.1223941158 0.262990085004 -0.883541685442 -0.0572391677456 -0.236688624822 0.415308591533 2 82
0.330455259544 1.3587342414 -0.735212518806 -0.217244906017 -0.83982028815 -1.34092690791 1.37186669973 -0.113287541779 -0.335484949593 1 90
-1.90122572057 0.113455175654 0.155029625704 0.67431638952 -1.3937104106 -0.299389768911 -1.9735591807 -1.67180113679 -0.443905423801 3 32
0.898542380472 -0.0746344988808 -0.3538803258 -0.639449093593 0.350016956108 1.18444780888 -0.323410601992 -0.0707713270404 -0.52465701873 3 99
0.707088676388 1.01310348717 1.5201447599 0.265601416553 0.301131714253 -1.324062718 1.96141252851 1.34431120189 1.16856122056 2 82
-0.601550273932 0.643199259309 -0.324645955732 0.773246698795 0.258365011284 1.120116281 -0.866110969851 0.782891382625 -1.91095439912 2 11
0.518620174512 1.39775297094 -1.43415995368 -1.68318144406 -2.29833158094 1.50188740411 0.312507320623 -1.17573049025 0.655885672356 1 3
1.64417840629 1.26756974172 -1.11198502868 0.942029995741 -0.316600210145 -0.106316621545 -1.62112881917 -1.78367054543 -0.577592461266 2 44
0.542993630536 0.328059243697 0.804808876242 0.634300880847 0.0402745818236 -0.469298939363 -0.243674142766 0.685056197789 -1.43621586342 1 76
-0.606657369068 -0.0173185415602 -0.533941354483 0.45496239565 0.299405490217 -1.83999024059 -1.74371230747 0.503088223326 -0.780091358905 3 40
-1.14938291093 -0.427418645689 0.840165966094 0.0331481955117 0.206362779771 -2.54424444521 0.216158920355 -1.13020244973 1.89886004792 3 49
0.713733749774 -0.422050116074 0.166784236261 -0.147166397655 1.76745923508 -0.162750900875 -1.42886007672 0.510461675781 0.155036774393 3 53
-0.71687835237 0.731149524789 -0.564447957381 0.852061663345 -0.716877922513 0.442253379482 -0.759979586992 -0.164351766479 -0.584409902641 2 41
-0.874914038954 1.31344864459 2.57676101955 -0.227545926392 -1.05024591799 -0.365046794362 -0.72634523461 0.827817055473 0.44975247265 2 81
-0.318491508072 -0.111820315958 0.0935405362513 0.0248541390361 -0.561619496934 0.217134313283 -0.87484083922 0.06300908748 2.01871723207 2 17
0.562716132384 -1.01309108485 0.00488101012951 0.590836575705 2.1098305862 -0.149459748925 2.1757004213 1.1426795145 0.473862855259 3 58
2.12571095755 -0.248259100115 -1.19277696579 0.903240359114 0.0870077273755 -0.74294794881 1.27896680208 -0.023708541865 0.167984560891 2 8
-0.338428910992 0.880487850143 1.70536175055 -0.810466242002 -1.07394078732 1.01742338873 0.885907480339 -1.33710422778 0.161900148223 2 55
1.11197834562 0.182590271708 1.04484990672 -1.5423656301 1.163669467 -0.5589717671 1.70036442146 0.29775462961 0.176780052709 2 10
-0.091311011959 -1.60468581084 -0.082901364227 -0.0369845728784 -1.00553243634 1.00919345252 -0.764159605131 -0.80470705411 -1.05469780664 2 70
1.27798891551 0.51142241714 -0.266819216994 -0.469583960972 -1.03116772142 -1.01157383417 -0.518064634865 0.303400578072 0.678016571379 1 83
-1.96855039287 1.15612088229 0.506213786552 -0.207905187108 -1.55197560178 -1.46164008131 0.345683126648 0.0963664490743 1.08627061974 2 1
-0.786179343634 0.705014605431 -1.68993832797 -1.19026532638 -1.19399127082 -0.33526020086 0.0925391938894 0.742743884311 -0.718883791338 1 30
0.336457290938 -0.390765588188 -0.242731622196 -0.000543199258589 -2.23726601418 0.252875533207 -0.288911863174 1.06687436385 0.817699230277 3 6
-0.696002136928 1.19318850443 0.189400038577 1.3664761566 -2.19066960463 0.0691153159559 0.347964766517 -1.02729531232 0.72081901374 3 67
1.57431296116 -0.133186107236 -0.507185375106 -1.50190026682 -0.00206109356773 -0.380595324809 1.19287486644 -1.84024659883 1.47270167481 1 68
-2.0013129446 0.0120587329757 -0.684292627557 -0.663240003317 -0.483625834237 -0.623286158368 0.828874837884 -0.0867569036699 -0.377063625973 1 62
-0.768736430515 1.61611581311 -1.276422139 -0.265757024358 -0.545037176522 -0.185975007445 -0.0698697321188 -0.932120984906 -0.458889150291 1 88
1.66968316771 -0.252976964074 0.490145084545 -0.597725297722 -1.92267923256 -0.61534231553 -0.805055336096 1.55658566647 -1.88764723386 3 92
0.588784797035 -0.347666010463 -1.24263595284 -1.54241824994 0.410011787482 0.407260997774 0.518401997073 0.894773816743 0.228846631153 3 86
-1.85425171713 -0.255319123264 0.311839215435 0.0930880311197 -0.764450509605 0.471165392719 2.54160860228 -0.492885723591 1.47517151165 1 14
-1.81550686421 -0.326698782044 0.497455507306 0.55048173602 -1.87885300138 -0.381249765643 -1.87087064325 -0.848879789438 -0.305716101527 3 20
0.764707979917 0.2784156215 -0.870561769284 -1.06992162735 -0.788567757701 1.19976466317 1.10074802898 -1.62610553457 1.48936864127 3 97
-0.254385798448 -0.305996763299 -0.300815121844 -0.0472357082883 1.1250497059 0.094265756168 -1.12158455567 -1.25992759569 -0.523405444269 2 69
1.52007917768 0.47899160432 -1.02390005611 -2.13087771051 0.073122600844 0.0498632582439 -0.147219426789 -1.66617222335 -0.181894993041 2 59
0.0555328567228 0.969011641101 0.0373794635422 -0.55016345233 0.177676149562 0.0865545666539 0.256543558625 -1.82731038204 0.0548713929188 2 54
0.496905296057 0.46513692252 2.38920035962 -1.11649127387 0.433528668251 -0.593649589814 -0.999431200661 0.556590976881 -0.275281078917 1 77
-0.979007926418 0.796087323077 -0.85852788367 0.781448739183 0.333521727458 -1.16443457549 1.266240302 0.0455334074294 1.2728765795 2 38
0.216308173689 0.895361106949 -1.23084612858 -0.321905653924 -2.00343679897 2.86511856026 -0.346688432321 -0.222074433408 -0.409753412322 2 96
2.27813279151 -0.29891840577 1.20841623587 -1.02167303479 -1.14886415024 -1.38575073674 0.0150940402469 -0.633405191997 -2.00996762045 2 48
0.3267191153 -0.803720066704 1.04460022178 -1.32897117849 -2.05291735828 0.394472094669 1.9674789537 -0.80279113626 -3.02365577681 2 34
0.378586235624 2.25785559289 -2.14238750313 -0.696314720707 0.245321331599 -0.414822877134 -1.74897235594 0.886294641649 -0.326478624535 1 85
2.08499934576 0.191683772167 -0.169916220089 -1.20786697912 -1.64318291564 -0.623043605285 0.772026208127 -0.340132383271 1.16983636328 2 93
-0.615879241978 0.342053793119 0.603687269572 1.74442663975 0.821529709749 0.672999550381 0.311128518011 0.0522809855324 0.103238854354 3 80
1.5475732965 0.467526940029 -0.753775010303 -0.182586291423 -0.333813846863 1.28812310572 0.0236832172635 -0.311579707659 -0.9095938418 3 2
-2.13411252879 -0.503387410208 1.24274210483 2.12231334951 -0.556592829769 -1.39419015242 2.30373098028 -2.05435515188 0.554592639335 2 51
0.0808459615559 0.10811356901 -0.816199647162 -0.188105661551 -0.587091635681 -0.121267606693 -1.46793684106 -1.60305477924 1.28076255687 2 3
0.296911232134 -1.07978905317 0.164355724613 -0.842721649041 -0.362557459575 0.163729428382 1.18142696424 -0.0726435383643 0.0732965971266 2 58
-1.4466255078 -0.682714036999 -1.60163474448 1.38994558209 -0.455839035394 -0.810676246361 0.915524506728 0.472441684479 0.634177763407 3 49
0.528573373091 1.94731710939 0.0500028386084 0.819072970117 -1.25133062823 0.275027350745 0.689991893048 -0.0260762824116 0.590677466054 2 68
-0.0340057675188 0.131280075508 -1.70295463347 -2.52460341781 1.00257582546 -0.464282855338 0.528703101991 -0.164864505672 0.119865899827 2 73
-1.68231585556 0.314093580093 0.348608138066 -1.78961004832 -0.418303562664 0.216178109383 0.874685261327 0.906363738943 -0.723518946211 2 7
-0.355721883276 0.95026525605 -0.968170030978 -1.01185080055 0.998629122044 -0.730266038 1.5952682516 -0.867796061106 2.49506794311 1 12
-0.00472221742978 -0.823049473344 1.15253741934 -1.22185770984 0.971934663039 1.14543182208 -1.32009996762 0.632809629158 0.103172778337 2 76
0.657430333852 1.83776449776 -1.44008126847 0.0452461468089 1.66269109208 -0.914739638396 -0.696701117825 -0.0636015251367 -0.657265072897 2 24
-0.328354850063 1.07954684671 0.563142681117 -1.48145789317 1.58122184345 0.649367952766 -1.17879568607 -0.779446599524 0.738261452496 3 54
-0.782908584669 -1.47498806512 0.0747282548181 -0.906191106561 1.16936981207 -1.11451322666 -1.31287409841 0.422690075629 0.0825266240703 2 52
0.191274049773 1.24307420262 -0.250959807433 -0.978049026797 -0.784904894345 0.853673980403 -0.776733238534 -0.607551317935 1.16151437235 3 30
-1.28899205346 -0.689101327146 0.474521521161 -1.50186829439 -1.40530497432 1.14491597716 -0.121489480978 -0.47611047376 0.989182343793 3 85
1.00644035682 1.8868922245 0.61337634826 -1.69484127263 -0.631326911953 -1.454988902 -0.0577082291688 0.275557378227 0.792148421484 1 81
0.602289955404 -0.40162708648 1.11642780434 0.525617738229 0.421127936617 0.35885295258 -0.0428641171675 -0.115038684084 -0.609576321642 1 4
-0.206321811827 0.350701906034 -0.807072636067 -0.291187275717 0.164842789587 0.312700124213 -0.276015114571 0.941418590584 -1.52567056465 1 11
1.52442959612 -3.17248921184 0.723181294692 1.34010607946 -0.890758254543 -0.118588317328 0.653826767268 1.01520613027 0.410489267645 1 15
0.0650726113543 -0.546544673918 0.0245358688723 0.782154194154 1.0389892426 0.379242564296 1.14965610749 -1.9661083455 0.326554510381 3 50
-0.115650152385 -0.0969898862602 0.3199801173 0.303113424782 0.826700262565 -0.799709929557 2.56867414473 -0.460116761029 -0.503986806431 1 47
0.474737112677 -0.691431951272 1.75258462844 -0.81876061003 -1.85672969016 -0.325288164302 1.1505671616 -0.0980146483716 -0.934368646032 1 50
-1.41761799549 -0.726279451121 -1.51345296139 -0.52362385183 -0.0781072760093 -2.0095468755 0.639708144672 0.624627056618 -0.755731387038 1 96
-0.801494144233 0.0789213839471 -1.41111032439 1.52700970418 -1.39728252532 0.936695356363 0.367800803003 1.28572547546 -0.972385899779 1 90
0.0537671322514 0.462829122468 -0.906166781875 -0.746985793662 -1.1695963528 -0.579185803003 0.358095180142 -1.20616526951 0.947831279134 3 54
-1.15757662889 -0.228270258843 -0.962537355088 -0.410030084872 1.06865120524 1.42409470167 -0.0427827768555 0.00400809514197 0.562094564115 1 85
0.269599370786 0.454498737864 0.670768920338 -0.131063771819 1.48889132174 0.148456623332 -0.487990135456 -0.214342053773 0.339433112228 2 12
0.090834517849 0.690805836832 -0.340039531516 -0.176114302234 -1.6118841026 0.739445949896 -0.899320046576 0.706332273272 -0.773244708052 3 29
-2.46044843247 -0.103436447074 -0.288686503924 -0.311519903626 1.26942369725 -1.45501857577 -0.0927498475103 -0.12128167995 0.4324249682 2 20
-1.07986276394 -0.69013379704 -1.57986951207 -1.04082556034 1.72735625744 0.544075838813 -0.499436470064 -1.64912494152 0.529465134567 1 93
-0.636140407774 -1.11998921538 -0.543265406632 2.29719996601 0.0180139639359 -0.211332766021 0.428443794717 0.289041900934 0.781085649597 3 57
-0.0825971520432 0.975420079059 0.545382848898 -0.795483970706 -1.90189410562 -0.261039320894 0.746002972061 0.712433252822 -0.0310515744031 1 49
-1.23687125339 -1.56939937861 -0.780180209578 0.716428511138 -1.32273170747 1.04450525316 0.125337688062 0.819928441696 -0.444399657555 1 68
-0.0699820466931 0.627661201797 -0.663077478787 -0.639261477034 0.260506436717 -1.00994571259 0.611010784344 -0.814334579269 2.01238246429 1 35
0.136644786481 -1.10174212281 0.918069871892 0.58377894955 -1.57854298464 -0.401719890915 -0.579293983944 0.123533715105 1.03594320848 1 41
-0.616629120495 -0.48639465732 -0.0660828884367 0.904776596415 1.34714832093 1.10256817506 -0.544382958517 0.916198103382 -1.08133384947 1 39
-1.61880964647 0.747020322534 -0.261083082707 -0.27237999704 -0.621962215185 0.486950396231 0.76193138855 0.454106649317 0.377571204085 1 53
0.115361024522 -0.493510640724 -0.867904895169 -1.19464341667 1.56742967576 -1.17905314231 1.90689525884 0.271480672514 0.602824795128 3 71
0.156878492824 0.635611079882 -0.369411176183 -0.471475787283 -0.99782442277 0.0626535491697 -0.351539232093 -0.68199875449 -1.0906322602 1 88
0.97515166414 -0.0729637020125 -1.98418891034 0.694081253048 -2.42531513787 0.335697648861 -1.21196404746 -1.01989510995 1.00285474977 3 5
0.961331388093 0.850167901319 -1.31965052333 -0.945991132305 1.43303859148 1.23702748238 0.327395396951 -0.521635973808 -0.510103894798 1 20
-0.490546788864 1.05273615834 -0.612673780734 0.23754008111 0.576924166132 -1.81855819399 0.248189490265 2.79330146892 -0.825429081131 2 52
-0.0722643591393 -0.773152402211 1.13311967224 0.935273128404 -0.703564883906 -2.07411118526 1.20173299945 0.19910529 2.05630497718 3 29
0.1772286338 -0.956812982073 -1.0731712892 -1.13118981457 -1.09861969874 0.404259547831 0.194327721193 0.363692803401 -1.109825194 1 26
0.57777258983 0.786936271092 -1.15069661356 0.494933998642 -0.977259170438 2.33239626977 -2.07502671604 -1.33201319371 0.297612432102 3 12
-1.97626476402 0.0532253302215 1.25560370541 -0.657930049466 -0.41446636804 0.253733383071 -0.487255781987 -0.159830856254 0.391223315031 1 20
0.722612800365 0.0907552249893 -0.270028646145 0.945139615461 -0.0257040172184 -0.178404470418 1.13580158297 -0.90586043826 0.21820842698 1 38
-0.136418556973 -0.154153808196 -0.600663423998 -0.360823528354 1.46809365617 0.470277062939 -0.695288014517 -0.442522437293 -0.383830023305 1 85
1.65413404579 -0.551069871347 -1.39336893063 1.28682648535 -1.28871399933 -0.149507967185 0.522751922265 -0.743324878161 -1.52755755084 1 71
-0.44463068392 0.951971810746 -0.306373894743 -0.887247363566 0.253100719381 1.33025979518 0.37215314641 1.24402092188 0.541157687772 2 22
1.02876276922 1.98755703467 0.00810385570516 -0.00180339511029 -0.995140887646 -1.48014782204 -0.00674230105268 1.6236404645 0.918460290787 3 84
1.19882982041 1.5991427369 -0.255720497064 -0.129437560094 -0.267024528511 -0.723398429351 -0.11120089113 0.683012425543 0.832991528672 3 56
-0.749359366007 0.0635532406482 -1.17631390249 -1.8226713453 1.31980935223 -0.0396689593411 1.69447138567 -1.50578960135 -2.06026634062 2 18
-1.59346368753 -1.37413423604 -1.54028104687 0.616474203178 0.476811010151 1.24751930934 -1.18415330978 -0.998630845736 0.837071980346 1 16
-0.472104324892 -1.01401163161 -0.271039427565 1.92145979276 1.22744499461 1.16646730795 1.81579354455 -2.42385620122 1.0182315658 2 26
1.66112041964 0.445868265223 -0.367549560623 0.301926841506 0.803815914243 -0.203906538059 0.678250225055 -0.466353914526 0.904425800847 3 32
0.219717850742 0.411726736049 0.856780652992 -2.03386100424 1.81177447016 -0.0207478035997 0.927712913763 0.485470216924 1.02975544299 3 13
0.0682534074408 0.903425637293 0.111366055999 -0.025554348735 -0.488946339246 -1.20512716654 1.56008836066 -0.789461027481 -0.847009497776 3 49
-1.42465488371 -0.384726778783 0.797124780167 0.981439583375 0.927242047659 0.15883643442 2.22870802515 1.53786271656 0.146510913006 1 2
-1.11809645148 0.0607732839951 -1.67420276092 -1.57074551263 1.01161034422 -1.32369378188 0.708297221922 -0.103439607307 0.725485939027 2 12
0.273061715252 1.24533855111 0.309363002645 0.283279469083 0.240540807147 0.877063248362 2.1504473326 -0.048663803354 0.669648574237 2 20
-1.22821015454 -1.4937341253 1.00639859883 -1.48743617499 0.892812653019 -0.204848486878 -0.175542850344 1.02990758133 -0.826241176391 1 78
0.323661144464 0.995289371409 1.48227125786 -0.77420702823 0.256080117013 -0.702530838149 -0.466766038574 -1.18977019283 0.915323662655 1 60
1.883533054 0.545854323304 -0.257872221326 -0.251909957849 -0.983082521515 1.04338108542 -0.0228065676819 -0.165832058867 -0.0467297883667 3 67
0.498620684706 -0.574071136543 0.612005879663 0.0584977491621 0.378922296286 -0.191155397045 0.0891585441981 -1.84474540126 -0.493678864892 2 19
0.272914395678 0.293604154005 1.32427869505 0.753714816571 0.507429346015 0.547529216048 -1.00614047859 0.805114685673 -1.18657526196 3 15
-0.846609018679 -0.154132083979 0.534145869329 -0.51538818327 0.408700574871 -0.639977060799 1.62208959444 -2.32151112418 -1.40537521862 3 62
-0.831490886054 -0.455241184414 2.00387521696 -1.2115458232 1.25274790546 -1.38254303464 -0.536075813522 -1.11893312732 0.602019868275 3 28
1.16714383057 1.18259672286 0.641347660501 -3.76636093029 -0.265658940978 -0.382234062961 0.169969173476 1.31187485282 -0.0081181314351 2 12
-1.82525564378 0.483250979047 1.40411127216 -1.14242014375 2.25439461608 0.503874980998 -0.759273277536 -0.49516768839 -0.152915683566 2 16
-0.216059368246 1.19420512888 -0.305111741445 0.138497663505 -0.928908368328 0.000809106096691 1.03807512339 -0.119039976114 1.5528201756 2 7
0.460260016076 -0.261090388772 0.0951976352745 0.138818769077 -0.360285423924 -0.467121768407 -0.402457801039 -0.0521588308634 1.98679285679 3 71
1.17013458798 -1.61820485285 0.587656687589 -0.646756339301 1.31149068147 -2.71191025521 -0.572247103235 -0.165354756926 0.353093441862 1 3
-0.186174028279 -0.766978508611 -1.88387427568 0.788988925445 -1.04199548338 -0.499663538004 -0.341550578914 1.37206941198 -0.602255401749 3 35
0.518802498543 -0.807805785606 0.650813195929 -0.414493453822 1.2715743405 -0.803712983086 0.289167921075 -1.44801836979 -0.131692676047 1 5
1.33909210208 0.242949476189 1.2082421297 -0.32921541963 1.55310890099 0.524390899946 -0.101479669204 -1.99854665315 -0.526804299922 1 92
1.51358488362 -1.07946305475 0.673512528075 -0.141067830622 0.0362312248943 0.70580149344 -0.279315128523 0.407372005503 -0.0562167604901 2 31
1.22214642522 0.76430715221 0.0568407012716 -1.53076818816 0.689312787056 -1.42753456381 1.6858070434 1.19075064692 0.531036702205 2 77
-0.371186158164 -0.0761631251588 0.893515676237 -1.2138036339 -1.1640239448 -0.0346704207299 -0.230858811539 -0.0522211299872 2.56171857906 1 52
-0.118328055405 0.442655558284 1.33938851991 -1.23638763537 -0.336031120748 1.21592956412 -1.70596288865 0.74187533078 -1.30225875393 3 52
2.51121416002 0.240752284473 -0.1181614312 -1.85709555119 0.184886843216 -0.389434780431 1.21412121878 -1.52474990261 -1.06785986717 2 59
-0.479366397708 0.87241147385 -1.40643530137 0.918633860234 -0.939334351761 -1.05263340303 0.997628510396 -1.09742917524 -2.04210392945 1 43
1.95732278062 -0.446286398834 0.746392374493 0.286589137275 -0.607017502561 -0.593513483647 -0.601494536302 0.461044609893 -1.6747112525 2 48
0.495745257461 0.912875230889 -1.06112271678 -0.819538889241 0.768644980392 -0.581881794069 -1.31205435472 1.85156259586 -0.569848455747 3 95
-0.14515506336 -0.10399434226 0.954784367878 0.29673067143 -0.322876349981 -0.967316491031 0.462309787871 1.15539293974 -0.481235882772 3 93
-1.59618643592 -1.34199486718 1.33021125182 -0.67781865536 -1.72191281137 0.91470979164 0.699117856268 0.386572059927 -0.240450524004 3 100
0.655426225619 0.264810545829 0.777479069988 -1.34601948888 1.13758674263 0.380767339395 0.148105910273 -0.152652245283 -0.594422342725 2 75
-0.801602341075 1.24182817281 0.0664200296341 -1.56939949433 0.533870734243 0.556915562856 -0.0246811115672 -0.648841349745 0.181309492609 3 22
0.884343525659 -0.261480241943 2.09318638048 -1.35202073357 -0.707581145916 1.63836859165 0.419623767018 -1.22381524833 -0.266209028737 2 91
1.42552079436 2.70302077573 0.496348326213 0.873732128351 -0.784584627781 -0.108530485259 0.380401468335 -0.580867722132 1.09495132358 2 44
-0.657070918223 -0.558478059542 -0.988058402863 -0.374481265893 0.503212731619 -1.54389005324 -2.39996122965 -1.50490668232 0.015267896643 3 66
-0.922519039977 0.030618912636 -0.506253855982 -0.516992854801 0.675960023493 0.136457497402 -0.618025393092 -0.722704607968 0.668918267391 2 10
-2.01509053679 1.88018859608 1.14114825624 -0.544941263629 0.36248275095 1.37360329746 0.887173939699 -2.40015019708 0.21895582931 3 66
-0.658654725273 -0.987743071482 0.215040937966 1.12505043757 0.323643513107 0.951086372438 -2.17028805891 -0.211193670834 0.692991026466 3 87
-0.958942887025 0.945273772522 -0.0531785534554 0.723021701336 -0.515772660764 -0.843480327397 0.938739768018 0.660729078252 1.01983562242 1 94
-0.72399592477 -0.206760568764 0.0263810225117 0.170497776896 0.118032139801 -0.520080123555 -1.50983217486 -0.831803428533 -2.44050815007 3 21
-0.0143041322087 -0.633888046678 -0.693809375319 -0.325963081597 1.11198574984 1.00777346463 0.171882624641 -0.428648238703 0.0862243836847 2 82
0.334775987938 0.172360869992 1.10053772902 2.16105044966 0.839054300656 0.918720936259 -0.233415526421 1.22134471091 -0.184743366975 3 14
-0.643872645091 -0.591997445073 -0.704387685675 0.859409982979 0.473443848478 0.200020046559 1.93368724647 0.866732606254 -0.330815847999 2 86
0.0249250258241 0.824525840961 -0.307656457894 -0.172675120073 1.22567139188 0.579662017336 1.14497521402 -0.761562454218 -0.911156806921 1 19
0.381252898728 -0.832512173086 -0.697197269125 -0.901359128316 -1.31565549404 1.21309132006 0.800962339302 1.02421681025 -0.247192949662 3 6
-0.76591186344 0.522796477637 -0.0662136809313 -0.614282787462 -1.23902501956 0.724957441383 -2.12485320637 -0.230832174497 0.192932474302 1 70
-0.0167592576763 0.257583536684 -1.08359784476 0.791673448219 -0.180595994792 1.44441214786 0.0178282414041 0.630876301141 -0.497211407528 3 8
-0.938309052072 0.849524379162 0.689376301227 -0.134446980111 0.138391569634 -1.15918975474 0.056393354799 0.687694461278 0.678591622396 3 92
0.366683790692 -0.0142514015884 -1.14884843479 -0.942004886335 -0.759267612133 1.01647428084 0.292547262652 -0.164916460432 0.610537326679 3 73
-0.030389670499 -0.211503189603 0.310036773205 -0.306182940032 -2.0842888449 0.358636041911 -0.0813361477025 -0.0385693336514 -0.868868566947 3 88
0.65835207494 -3.04529926209 -0.189048757604 -0.671315783263 -0.544386446722 -1.66381078008 -1.04118387998 0.879637544309 0.0476612485064 1 14
-0.378014465696 -0.125418851389 -1.70486471339 0.207441278549 0.328321553231 0.566259168164 -0.516695394182 0.394460446367 0.656178771205 2 34
-0.463198101352 0.437401716609 -0.961653289668 0.529490475023 0.308048872776 0.000211460393432 -0.0889174901608 0.734056614824 0.0907965550392 1 90
1.35415268853 -1.57031356364 0.597199721241 1.12125033755 2.20378581622 1.24874068405 -1.12458573438 0.062344773018 0.0748844011454 1 76
-0.702390872587 0.188237997146 -0.923387393432 -0.558049903452 -0.11002474803 -2.86886423816 0.537200811234 -0.730978251331 0.0355256580021 1 5
0.74550980302 0.724641651982 -1.31006783474 -0.775813078339 -0.229855545991 0.608703434029 -0.0724014827319 0.614863019473 -0.721470636142 1 25
-0.395761361711 -0.364355449476 -0.165854787358 -0.240556940214 0.893688727146 -0.804341790606 0.839758251599 -0.606380571651 0.999102506418 3 12
1.17015891554 1.41003399381 0.296726088726 -0.423154720527 1.10164347217 -0.51006171445 -0.519656800526 -0.454492973188 1.31756383684 2 90
-0.505673284368 0.106635889541 0.0602133212347 -0.655238888087 1.17117601089 0.119457733821 -0.387338643724 -1.25086522293 -1.89967613255 1 44
-0.278348141864 -0.817451302203 -0.189982575914 -1.08905572138 0.891638876853 -0.741661856345 0.346944218071 -1.41361349467 0.176430566161 3 4
1.73798999047 -0.852484958181 -1.63794280931 1.0035294543 0.481856623794 1.52820299572 2.25235762947 -0.319308950018 0.198517584712 2 94
-0.521480315464 -0.491058790585 -0.607723618022 -0.666326160971 1.15378352724 1.87916729833 -1.17830439378 0.774724563843 0.68464422789 3 29
1.34609426014 1.22268659296 0.511207479962 0.42255071676 0.821124079306 -0.864625759694 0.119363157541 0.130475690902 -0.152857253244 3 58
0.919292727682 2.15492584689 0.634400199088 0.719767138949 -2.00898126871 0.807890592345 -0.0834634742821 -0.626875258247 1.79476947098 3 25
-0.896762697512 -0.978526144968 2.12846227527 1.76506839687 0.195505622619 0.21249600475 0.445937399398 -1.88195329042 -1.29963248297 2 66
-0.650454155771 1.15465441039 -0.77805923078 -2.05640399377 0.676368328111 0.453414826827 1.04859833624 0.716193185934 -1.13755102296 1 76
0.556090845272 -0.154666330048 -0.457079820514 0.280600697978 0.0894492437368 0.219854514908 -0.186290544849 -1.1176278216 0.447620548177 2 48
0.352587311946 -0.151820062566 -0.211126857439 0.800003683544 0.0871800388862 0.473754942657 0.93391083128 1.286581374 0.539385739183 3 63
-1.53840991577 0.785733160506 0.380924152913 0.053817613721 2.04620237823 0.0264072884591 0.362668155382 1.2749810625 0.271085479771 2 86
-0.772827695683 0.673470114918 -0.172698000827 -0.670568033439 -2.40709802286 -0.102173573725 0.520816097769 0.0522180498924 0.250985417886 2 100
0.262337828357 -0.472080831377 1.15683558935 -0.779690632386 -0.552395217659 -0.293427140651 1.81131746844 -0.539606597156 0.128133519336 1 54
-1.3038577321 0.323510128488 1.07834190248 0.903462129257 -0.702280320193 0.213026059055 1.18359509482 -0.912561073956 -0.199240246118 2 2
0.29223322455 0.178867282233 -0.36307083141 0.824147938976 -0.243437821387 2.26147710583 -0.505719457938 -0.687192976983 0.598261758109 2 46
-0.716825105717 -0.257977778787 -1.17610103781 -0.637817985633 -0.840161006043 -0.488425559328 0.594006436272 0.25186099341 -1.71958553421 2 45
0.995847436793 1.3514145595 -0.627236048626 -0.855068871697 0.439520046083 1.03466642199 0.205901973532 -0.279661823762 -0.151923821762 1 59
0.763933935136 -0.466017152128 0.482559042971 0.104468050072 -0.447762511314 -0.540325845366 1.59757516686 -0.554346341212 -0.608205180972 2 4
-0.389623635222 0.888603904457 0.330078617184 0.758334153342 -0.709041705704 0.95483569594 -0.206890671476 0.907816863634 0.375255084303 1 98
-0.0115190329573 0.350564029564 0.464640742339 -0.545363887647 1.57431182709 0.230453664984 1.06603353187 -0.455358747179 1.92014806682 3 64
-0.910370868034 1.22839985984 -0.0655541296967 -0.475603933474 -0.072829762574 0.874359114196 -0.784020419372 0.0998634639365 -0.954701852158 1 13
-0.246908705513 -0.121432687049 -1.91399614066 0.932365743614 -0.410986601785 -0.297858283563 0.353036254034 -0.4589824273 0.355607038669 3 77
2.17651314013 -0.105578995715 -0.330768999661 -0.806815543348 -0.139678007935 0.424591648193 -1.17105761386 0.439034642498 -0.0515442853914 2 8
-0.72533005746 0.104206948253 0.369413814733 -0.079025675954 -0.361162927404 -0.273437669261 0.374297386847 -0.782231599783 -1.38112811446 1 63
1.09129374245 0.956651992363 0.00739959519658 -0.678508976549 -0.297301278235 -0.276918633632 -1.25975128644 -2.35228438378 0.500909318431 1 13
-0.582787217874 -0.394918009079 -0.28606822864 0.23691442545 0.034975583928 -0.544949971368 -0.903776744094 0.0205775517961 0.113748506382 1 86
-1.08098465858 1.14455905474 0.470636450591 -1.14580714545 -1.24898027797 -2.82513576575 0.749736395867 1.46947041673 0.520427905524 1 96
1.74226900826 -0.722623600589 0.560164503943 -1.17466539905 -1.20711505905 -0.355820888204 -0.0567660415954 0.226995368446 0.281137996219 1 63
-0.0305965401295 0.302716225769 -0.213122902867 -0.341693121751 1.02665002576 -0.791733421199 -0.458525246637 0.784934963305 -0.171844933411 1 10
1.60999171443 0.476791466425 -0.282785538752 -1.90906350408 0.479405311564 0.37803759372 -0.589233780736 -0.278482917793 0.36601699745 1 34
-0.0168309256798 0.677602850185 0.604337286327 -0.343889810007 0.341824113824 -0.215806587158 -1.33791396316 -0.742125586486 1.5173628102 3 70
0.259340213621 -0.0740565433106 0.0293046102684 0.790873386773 1.42149369969 -0.944854681563 0.782622785003 -0.99188861611 -0.589768653259 1 3
-0.960302540934 -0.451007858192 -0.296819013074 0.870975338352 1.90788624152 1.00646552934 0.930290563521 -0.168393930142 -1.56042036797 2 19
0.681596859758 0.064241209475 0.295577003851 0.580556296247 0.365109867202 -0.219445419604 -0.310643995282 -0.981601897801 1.15470116928 3 36
1.01114672334 -0.16282127329 -0.0716283436074 -0.327312884275 -0.936458384682 1.431738657 1.72714561556 -1.28680373124 0.555902206421 2 28
0.0799471281735 2.50045560723 0.391165641121 -1.72244286557 0.877936925839 0.236515743763 1.21988174736 0.112728734147 -0.438980719292 1 59
0.45460241446 0.0599719454658 0.104754127365 -1.16146348241 -1.35881619828 -1.86662593997 2.76468299558 -0.245057692934 1.31442102632 2 92
-1.02336649652 -1.01557591646 0.447449976128 -1.85737151089 1.67163254862 1.03543414681 -1.16021108354 -0.460037079137 -1.63162214865 2 99
-1.41234273119 -1.08512371901 0.951688767712 0.0553941387496 0.338693318554 0.697330649621 0.672069546913 1.34608256953 -0.0823407701797 1 26
0.958356242787 -0.517593345211 -0.335283445206 -0.698098216953 -2.40996423569 -0.293718812426 0.150737214204 0.280063333605 -1.70283789603 1 97
-0.53475267089 -1.87496856819 -0.0718424755491 1.23070941326 -0.438954845875 0.149666801924 -0.555692234101 0.369894115452 -0.531701631119 1 99
-1.00014246259 -1.68548072615 -0.0687356082834 -0.865460613592 0.0642881732403 0.38806990752 -0.178998113006 -0.864098249405 2.97177061448 2 16
-0.301724112618 0.97549124484 -1.04486001081 -0.566549071151 0.760567627445 -1.623225694 0.522601438731 0.416138383914 0.547408511357 1 92
-0.929462698953 -0.825509784032 0.525450638452 -0.0720221886128 -1.74033745294 0.0604335059484 0.55668800408 0.234765230113 0.701188761624 2 30
-0.94304854935 -0.680498438383 -0.952692007656 2.18438712939 -0.857014626189 -2.00826167529 0.599733547596 -1.34304411464 0.192125974225 2 54
0.097477859182 0.837683379105 -0.212539056542 1.11852390819 -0.816724340248 -0.00875716422698 -0.510565657661 -0.296526652418 -0.648993190383 3 97
1.40425657049 -1.09270260253 -0.0946257697474 2.41652927863 -0.42811149738 -1.9627798813 0.628882575564 0.70791832277 -0.0789099152689 3 70
-1.17119536419 -0.212234128712 -0.536778563615 0.417845731469 -0.26088034886 0.458667130875 -0.656468941445 1.28045041555 0.153572249297 3 79
-0.293181390259 0.277516107704 0.322276903013 2.20525586704 0.0624605464059 0.201063718313 1.2958226929 3.39172870598 -0.0846436700032 1 20
0.492484517073 0.0994121953638 0.508379526589 2.20121616447 0.530931387025 0.338702268049 -2.68895810133 0.849123416244 -0.286141030863 3 19
-1.43215319547 -1.55706493228 0.566513699662 0.0405582436188 -0.267656953976 0.135092351563 -0.295568991952 -0.697907462243 0.380703653917 2 74
0.514326779442 0.236395724638 0.417117684075 -1.90467395451 -0.0196550935538 0.649611462547 0.186892013713 1.33519441995 -0.57279567255 2 98
0.831168715001 0.324341313372 1.70241123869 -0.151319066089 1.87439041936 0.948731248721 -0.866401319596 -0.448371669415 -0.456494634591 1 8
1.49323472037 -0.400944092654 -0.787299258262 -0.225340265088 -0.757926111375 0.696195776069 -1.05005967848 0.299518778136 -0.114074695553 3 68
-0.105098600244 0.520766246878 -0.197005380844 0.334017579128 0.348417636123 1.54413043054 -1.04476481984 -1.0659744322 2.17148010056 2 28
-1.07567892445 -1.76335170281 1.84867546129 0.746673002307 0.264359067635 1.24627102601 0.625632572108 -2.94901920566 -1.87373028126 1 63
-1.62448118349 0.850825034465 -0.00298496325036 1.09547691915 0.0439368734586 0.357472777312 -1.04860895505 -0.710078977581 1.16961637352 2 65
-0.335409969841 -1.79403681374 -0.740469587341 1.06893651643 1.2249690803 -1.26156640562 -0.010059703777 -0.185062689589 0.619648839867 2 83
1.67836674937 0.553075006599 -1.17397410506 -0.586260840418 -0.492993237438 -1.23797901117 0.179787176848 0.304262022503 0.648408807772 3 51
-1.38229460939 -1.66679950403 1.16467333579 0.381040986192 2.39364322062 -0.136106385462 -1.46063928126 -0.60567475454 0.935389781692 1 23
-1.07550475638 1.1511960414 -0.646279615019 -0.176487097471 -2.12512599945 -0.0041412566058 -0.482348015415 -0.953070251394 -0.891773275817 2 10
1.21338827116 -0.79857164044 0.731465262184 0.481031221804 -0.424068364987 0.863547944074 0.601159744092 1.67366298926 -0.0838815833831 2 100
1.98534415558 0.0614303032671 0.0752612887062 -0.704104410599 0.535782610672 1.33633133742 1.24347225201 -0.631020705686 1.34382764654 3 21
-0.865823024606 0.0887737651242 0.951324316317 0.65327433566 0.146424939809 -0.509752176881 1.20757185083 -1.7256870824 -1.92590957616 3 53
0.261178337346 1.96320511939 -0.0268803671476 1.1500824632 0.679975841915 -0.601432449839 0.671807791163 -0.450043483983 -1.2041136396 3 77
0.186036375414 -1.55479976792 1.78895434767 1.94983666339 0.0835821592595 0.444128225611 1.26196301175 -2.00876783932 -0.311401625677 2 83
1.9644008052 -0.864880959641 -0.0355377764408 -1.34748518767 -3.23634518906 0.32590694277 -1.26363592099 -0.112584483829 -0.268298926289 3 22
0.584441881722 0.454447695887 -0.627276878182 1.25439687202 -0.11411245242 2.32245011392 -0.954645369877 -0.901262056917 -0.745361726214 3 91
-0.452936029416 0.453006707982 0.075613483834 0.0648234067504 -0.0344122098679 -0.186424818954 -1.16897927199 0.10567811111 0.92856488186 1 79
-0.912737342395 -0.441394068427 -0.300741025137 1.42567852516 0.650604277474 -1.90659734896 1.97661720432 1.22738877712 1.05034015924 1 44
0.834389088305 -0.221022374548 -0.67169564064 0.634587288854 1.1532525045 1.63494429683 2.09706784012 0.813472351653 0.543954727634 1 65
1.68919562389 0.0260423352536 1.39381871515 0.233076874535 0.281587365406 0.00570533214669 1.43270121751 -2.30629950403 0.238135799884 1 62
-0.437734667868 -1.87130845229 0.71952098166 1.1419526542 0.974534281938 0.464340956002 0.205383931831 0.513747795295 -0.916256787986 3 46
-1.75160576461 0.808458636529 0.396674579432 -0.268772372284 0.97102154149 -0.808998697165 -1.9224803197 -0.247931174176 0.414303450028 3 24
-1.30967186433 0.365748911922 1.52321157988 -1.04578183255 0.0411765388976 -0.293854051964 0.558224212538 -0.943676680931 -0.134646521766 3 45
-0.16483595842 -0.620458734009 0.63004325122 0.117898344595 -0.315243624399 -1.4435139056 0.850532237168 0.959710827371 0.403076328681 2 12
-0.197264370387 -0.175916173028 0.522171157862 1.0620455732 0.404691460556 0.182397528799 -0.0365586835894 -0.347956021059 -0.301716934275 1 89
1.05664817911 0.0372754617086 -0.205827619055 0.0430405276761 0.349158270212 0.0497237215795 -1.09560615383 -1.4333509713 2.67358454357 1 81
1.27951159415 0.77582289195 0.132900093462 -0.995191626773 0.847100586621 -0.411381276345 -1.04490841925 -0.160843981215 -0.248184118829 3 33
0.352119392602 -1.24221999904 0.775236125295 0.513929675637 -2.58603423167 0.0679664711435 -0.29113518008 0.999097375572 1.43011320289 3 7
-1.32474384724 0.411523318897 0.273851117012 -0.689099664577 -0.440079225144 0.090314620801 -0.64330313724 -2.09502025078 -0.231092877196 2 57
-0.965659292351 0.290493838549 -1.85506960699 -0.48630791919 -1.30121575979 -0.343508837716 0.339259373854 0.702680631253 -0.263139609342 2 11
-0.420113258805 0.130959947495 0.221744695361 0.8415469647 1.96111930362 -0.153242570962 -0.276831773476 -1.40357601919 -0.061430568901 1 84
1.07124716692 -0.39696334742 -0.955024720359 1.4988486044 -0.618102009108 -0.200623183366 -0.0287708059279 0.857861627972 -0.844993553075 1 65
-0.508637815118 -0.558510207601 -0.626961681079 0.857301425758 0.00603626788537 -2.36794678179 -0.414763563196 0.60640383112 1.42420811982 2 13
-1.72277657578 0.490997521163 0.0505045316787 0.582915894384 2.27922341149 -1.11425551761 0.73796216482 -0.237530048807 0.803158336339 3 49
-0.879022555526 -0.761492343657 -0.0675047046418 0.208882325176 0.512368668328 0.514140504574 0.827793396945 -1.98843249722 1.2163856817 2 9
-0.426737787864 0.207176092342 -1.07433263789 0.217294272981 -2.00038056827 1.31960591333 -1.09567281235 -0.598984572743 0.3556104293 1 87
-0.653775751836 -0.360926187811 0.414439705728 1.08930373686 -0.267122094288 1.25889364431 -0.109368322871 -1.27664315652 -0.278581133171 3 42
-0.0256016782559 1.87612839822 -0.0772036515447 -1.32941574192 -0.559786877119 -0.325132584079 -0.378352084065 -1.65213568442 0.419748312323 1 75
0.242737247453 -0.362146408044 1.9066037155 2.07826634147 0.168284047983 -0.446646760167 0.572070647337 -1.34588212452 0.0659168221087 3 18
0.0732772232572 0.0850535918121 0.768470540823 0.721170760293 -0.446175371582 0.94376253403 0.653934686506 1.22712203066 -0.298306262617 1 5
-0.053206530954 -0.294177434624 -1.05364475593 -2.97771230443 -0.752007714776 1.0048805687 -0.411884560575 -0.627652003767 0.793729854228 1 80
0.340721031286 -1.27666223566 1.060513752 -0.25979171069 0.673786639356 0.839298271485 -1.42461484422 -1.11039219212 1.4093664233 3 82
0.0800304623687 0.45149707119 0.975348016818 0.384906002962 -0.711397828545 -0.252294081501 -1.2267958217 -0.884788878528 -0.0186718116737 2 20
