1.37989596122 -1.32484820184 1.10876992846 0.245533415926 -1.14316603899 0.410776061156 2 41
1.31841688551 0.548016412289 -0.819691221447 0.315459994753 -0.468223846733 -0.721714993724 1 48
0.660466567581 1.28138455083 -2.3109213093 -1.80300326293 -0.619361079513 -1.03965038555 2 46
0.18161478344 -0.0057648693753 -0.867232186051 -0.718886641461 1.17042559876 1.55061329946 2 71
-0.0913082709589 -1.85783928954 -1.30610932049 0.0745178044088 0.502341216881 -0.610158097497 1 42
0.778245303756 1.15669394808 -0.641915859672 0.870113924947 -0.674405558936 0.0927604582877 3 40
1.07180903972 -1.05352734112 1.08796461569 1.82085471746 -0.949064337914 0.491413975916 3 12
-0.566011153832 0.123088073207 -1.13698225497 0.664938625786 -0.266221354281 1.30148630566 3 38
1.10337221745 -0.336522981495 0.478582747162 -0.0407958378911 -1.25480451764 -0.11958922377 1 24
1.62116106243 -0.733816273308 -0.786721535814 0.536243974702 -1.90903286668 0.293787670588 3 32
