0.493765610745 0.610218666224 -0.966354319935 0.554012547303 -1.41403454071 -1.09796849613 1.35112463426 -0.770160412195 2 69
-0.87010496983 0.361739413978 2.70850891786 1.17055655953 0.207229762391 0.226733572353 0.215520677601 0.261621132849 1 9
-2.53281510185 0.524770008135 1.26030038848 0.355891290874 1.21948585625 -1.3585528491 0.093229919142 0.211303216726 3 96
-1.02258924412 -0.168733000363 -0.244710575665 -0.880587065762 0.990479666955 -0.563284267197 0.0152210979024 1.57161241127 2 30
-0.900223327551 0.803770058547 -1.11471290852 0.166490186455 -0.871212790846 -0.118588027726 0.258769517093 1.33891166179 2 23
-0.647752651715 0.727666203759 0.0418038606662 -2.83761183389 0.605913009814 0.486434569576 -0.740219832966 0.272295814356 3 91
-1.42221283879 1.1447895945 -1.23468596249 1.28272548645 -2.00164591715 -0.895103643496 -0.146939718457 -0.0781370495339 3 79
-0.548224603526 -0.0395903058784 -0.593223439221 -0.353787174948 -0.812391772656 -2.30884041254 1.05860036988 -0.494315943499 1 8
0.461773209142 -1.15193285878 0.658789259634 -0.940359941395 1.12372846126 0.0773713905751 -2.064326039 0.664560188806 3 87
0.711243772301 -1.65755752309 -0.78363448788 -0.485612059391 1.92116792742 1.09038903441 -0.288121341918 0.64795580905 1 88
